0.00
  0  0.000e+00    0.000e+00    0.000e+00    3.000e+04
  1  1.000e+05    0.000e+00    0.000e+00   -3.000e+04
  2  2.000e+05    0.000e+00    0.000e+00    3.000e+04
  3  3.000e+05    0.000e+00    0.000e+00   -3.000e+04
  4  4.000e+05    0.000e+00    0.000e+00    3.000e+04
  5  5.000e+05    0.000e+00    0.000e+00   -3.000e+04
  6  6.000e+05    0.000e+00    0.000e+00    3.000e+04
  7  7.000e+05    0.000e+00    0.000e+00   -3.000e+04

0.10
  0  2.269e+02    2.997e+03    5.042e+03    2.991e+04
  1  1.001e+05   -2.995e+03    1.638e+03   -2.982e+04
  2  2.000e+05    2.995e+03    7.121e+02    2.982e+04
  3  3.000e+05   -2.995e+03    2.084e+02   -2.981e+04
  4  4.000e+05    2.995e+03   -2.084e+02    2.981e+04
  5  5.000e+05   -2.995e+03   -7.121e+02   -2.982e+04
  6  5.999e+05    2.995e+03   -1.638e+03    2.982e+04
  7  6.998e+05   -2.997e+03   -5.042e+03   -2.991e+04

0.20
  0  9.578e+02    5.976e+03    1.008e+04    2.960e+04
  1  1.003e+05   -5.954e+03    3.263e+03   -2.923e+04
  2  2.001e+05    5.954e+03    1.419e+03    2.923e+04
  3  3.000e+05   -5.953e+03    4.157e+02   -2.922e+04
  4  4.000e+05    5.953e+03   -4.157e+02    2.922e+04
  5  4.999e+05   -5.954e+03   -1.419e+03   -2.923e+04
  6  5.997e+05    5.954e+03   -3.263e+03    2.923e+04
  7  6.990e+05   -5.976e+03   -1.008e+04   -2.960e+04

0.30
  0  2.191e+03    8.915e+03    1.509e+04    2.909e+04
  1  1.007e+05   -8.835e+03    4.862e+03   -2.825e+04
  2  2.003e+05    8.836e+03    2.117e+03    2.827e+04
  3  3.001e+05   -8.834e+03    6.209e+02   -2.824e+04
  4  3.999e+05    8.834e+03   -6.209e+02    2.824e+04
  5  4.997e+05   -8.836e+03   -2.117e+03   -2.827e+04
  6  5.993e+05    8.835e+03   -4.862e+03    2.825e+04
  7  6.978e+05   -8.915e+03   -1.509e+04   -2.909e+04

0.40
  0  3.926e+03    1.179e+04    2.009e+04    2.839e+04
  1  1.013e+05   -1.160e+04    6.426e+03   -2.690e+04
  2  2.006e+05    1.161e+04    2.801e+03    2.695e+04
  3  3.002e+05   -1.160e+04    8.230e+02   -2.692e+04
  4  3.998e+05    1.160e+04   -8.230e+02    2.692e+04
  5  4.994e+05   -1.161e+04   -2.801e+03   -2.695e+04
  6  5.987e+05    1.160e+04   -6.426e+03    2.690e+04
  7  6.961e+05   -1.179e+04   -2.009e+04   -2.839e+04

0.50
  0  6.160e+03    1.459e+04    2.507e+04    2.748e+04
  1  1.020e+05   -1.422e+04    7.948e+03   -2.520e+04
  2  2.009e+05    1.423e+04    3.466e+03    2.533e+04
  3  3.003e+05   -1.422e+04    1.021e+03   -2.528e+04
  4  3.997e+05    1.422e+04   -1.021e+03    2.528e+04
  5  4.991e+05   -1.423e+04   -3.466e+03   -2.533e+04
  6  5.980e+05    1.422e+04   -7.948e+03    2.520e+04
  7  6.938e+05   -1.459e+04   -2.507e+04   -2.748e+04

0.60
  0  8.891e+03    1.729e+04    3.004e+04    2.639e+04
  1  1.028e+05   -1.665e+04    9.427e+03   -2.319e+04
  2  2.012e+05    1.668e+04    4.110e+03    2.345e+04
  3  3.004e+05   -1.667e+04    1.215e+03   -2.338e+04
  4  3.996e+05    1.667e+04   -1.215e+03    2.338e+04
  5  4.988e+05   -1.668e+04   -4.110e+03   -2.345e+04
  6  5.972e+05    1.665e+04   -9.427e+03    2.319e+04
  7  6.911e+05   -1.729e+04   -3.004e+04   -2.639e+04

0.70
  0  1.212e+04    1.988e+04    3.499e+04    2.511e+04
  1  1.038e+05   -1.887e+04    1.086e+04   -2.088e+04
  2  2.017e+05    1.893e+04    4.727e+03    2.134e+04
  3  3.005e+05   -1.891e+04    1.404e+03   -2.126e+04
  4  3.995e+05    1.891e+04   -1.404e+03    2.126e+04
  5  4.983e+05   -1.893e+04   -4.727e+03   -2.134e+04
  6  5.962e+05    1.887e+04   -1.086e+04    2.088e+04
  7  6.879e+05   -1.988e+04   -3.499e+04   -2.511e+04

0.80
  0  1.584e+04    2.232e+04    3.994e+04    2.364e+04
  1  1.050e+05   -2.084e+04    1.226e+04   -1.830e+04
  2  2.022e+05    2.097e+04    5.314e+03    1.905e+04
  3  3.006e+05   -2.093e+04    1.587e+03   -1.896e+04
  4  3.994e+05    2.093e+04   -1.587e+03    1.896e+04
  5  4.978e+05   -2.097e+04   -5.314e+03   -1.905e+04
  6  5.950e+05    2.084e+04   -1.226e+04    1.830e+04
  7  6.842e+05   -2.232e+04   -3.994e+04   -2.364e+04

0.90
  0  2.006e+04    2.461e+04    4.492e+04    2.199e+04
  1  1.063e+05   -2.255e+04    1.362e+04   -1.547e+04
  2  2.027e+05    2.276e+04    5.866e+03    1.661e+04
  3  3.008e+05   -2.272e+04    1.764e+03   -1.651e+04
  4  3.992e+05    2.272e+04   -1.764e+03    1.651e+04
  5  4.973e+05   -2.276e+04   -5.866e+03   -1.661e+04
  6  5.937e+05    2.255e+04   -1.362e+04    1.547e+04
  7  6.799e+05   -2.461e+04   -4.492e+04   -2.199e+04

1.00
  0  2.477e+04    2.673e+04    4.993e+04    2.014e+04
  1  1.077e+05   -2.396e+04    1.495e+04   -1.238e+04
  2  2.033e+05    2.431e+04    6.374e+03    1.405e+04
  3  3.010e+05   -2.426e+04    1.935e+03   -1.394e+04
  4  3.990e+05    2.426e+04   -1.935e+03    1.394e+04
  5  4.967e+05   -2.431e+04   -6.374e+03   -1.405e+04
  6  5.923e+05    2.396e+04   -1.495e+04    1.238e+04
  7  6.752e+05   -2.673e+04   -4.993e+04   -2.014e+04

Elapsed time = 4.790410e-04 seconds
