0.00
  0  0.000e+00    0.000e+00    0.000e+00    3.000e+04
  1  1.000e+05    0.000e+00    0.000e+00   -3.000e+04
  2  2.000e+05    0.000e+00    0.000e+00    3.000e+04
  3  3.000e+05    0.000e+00    0.000e+00   -3.000e+04
  4  4.000e+05    0.000e+00    0.000e+00    3.000e+04
  5  5.000e+05    0.000e+00    0.000e+00   -3.000e+04
  6  6.000e+05    0.000e+00    0.000e+00    3.000e+04
  7  7.000e+05    0.000e+00    0.000e+00   -3.000e+04

0.10
  0  2.269e+02    2.997e+03    5.042e+03    2.991e+04
  1  1.001e+05   -2.995e+03    1.638e+03   -2.982e+04
  2  2.000e+05    2.995e+03    7.121e+02    2.982e+04
  3  3.000e+05   -2.995e+03    2.084e+02   -2.981e+04
  4  4.000e+05    2.995e+03   -2.084e+02    2.981e+04
  5  5.000e+05   -2.995e+03   -7.121e+02   -2.982e+04
  6  5.999e+05    2.995e+03   -1.638e+03    2.982e+04
  7  6.998e+05   -2.997e+03   -5.042e+03   -2.991e+04

Elapsed time = 9.529200e-05 seconds
